GENERATION 11
All individual scores, in order:
567800 116300 473000 279100 519900 82400 36300 542100 276600 574900 302500 513900 6200 16000 244100 447300 3800 115500 472400 157200 381000 20100 173600 179000 46800 38100 575900 159400 213500 43700 49800 42900 472200 531900 181700 361000 461900 184400 255800 0 700 200 100 500 400 

Winners scores | their weights (best on top):
519900 | 0.0632941 0.540449 9.99954 2.28984 17.4963 1.26816 5.28043 4.74319 
531900 | 0.432944 0.979634 10.6292 2.11063 18.7554 1.62073 4.83021 5.20861 
542100 | 0.563492 0.567839 13.9428 5.66643 31.0169 2.35123 8.25809 7.18137 
567800 | 0 1.07083 15.0873 3.77256 39.6616 4.56457 5.84923 8.72287 
574900 | 0.271507 2.05988 11.498 3.69366 16.6128 2.48161 5.98024 4.15955 
575900 | 0.0280572 0.0395946 4.85933 2.34939 17.6576 1.14235 5.08659 2.93398 



